.Random.seed <-
c(403L, 564L, 129899611L, -1185864092L, 502194760L, -429720461L, 
-1858891976L, -930851377L, -1908559003L, -340418514L, 893864133L, 
-1936806094L, -842410690L, -713584679L, 1476348198L, 1570659073L, 
1064674447L, -235616624L, -466913433L, 701952208L, 957801612L, 
-1325736393L, -456733828L, -1233349237L, 1351726889L, 1528167362L, 
139626345L, 1132451766L, 670058058L, -1409723451L, 42633634L, 
258636293L, -1485995045L, 754359676L, 98222467L, -1082526740L, 
-305055024L, -1658786261L, -1212810352L, -667171753L, -1314349651L, 
-1481447386L, 1499643661L, -849336006L, 839883926L, -1342070159L, 
2124592318L, -1001148551L, -893167913L, 966520664L, -1747809825L, 
1217445128L, 400757988L, -1968274337L, 2101723876L, 446113603L, 
1146014785L, -1202772502L, -979693887L, -1600681193L, -391061093L, 
-1058056295L, -302438804L, 1552180718L, -2042397784L, -344408902L, 
-1879194173L, 1606717681L, -851057947L, 1703104611L, 1210740058L, 
1704485456L, 1909989162L, -2107226540L, -1340456735L, -2045005181L, 
-1378985681L, 1044664837L, -1209452888L, 1228653898L, -1309495108L, 
-1691384586L, -1468519881L, -1878901683L, -2048385911L, 2053206079L, 
-657968410L, 1566778748L, -1844520834L, 1511366496L, -1582023787L, 
1982863567L, -1963073149L, -465166383L, 339188676L, -1036856890L, 
-870227904L, -1183143918L, -1236677653L, 2116892777L, 410634829L, 
-522759605L, 420186978L, -985344008L, 1947110162L, 2100948588L, 
2017307865L, -1789934501L, -1599233673L, 2003622813L, 1537466304L, 
9214146L, 633417716L, 1777963054L, 1641802175L, 1915362021L, 
-1500047375L, -568326105L, -613614738L, 687695844L, -734670522L, 
4647064L, -104976723L, 1694042695L, -962063189L, 1585192585L, 
1587089948L, 441898430L, -319776968L, -1236190870L, 1211811347L, 
1356951649L, -1343380587L, -1075897261L, -469823830L, 2071527552L, 
-734597862L, -1046863900L, -147628495L, -2000514989L, -962385985L, 
-1807844331L, 590414520L, -1778450086L, -166377204L, 1144631654L, 
1274690055L, -630717763L, 1254792921L, 1452371087L, 1061076886L, 
-30383700L, -490272594L, -1777450608L, 1878338725L, -1438598913L, 
687759315L, 2070161153L, -501150412L, 1780936726L, 2102776336L, 
-611619262L, -1256890245L, -1035443687L, 1665890109L, 233434619L, 
-1685592782L, 1043742888L, 831408642L, 84095100L, -587592151L, 
329894379L, -509821177L, -272058067L, 1308143888L, 1843846674L, 
-1176270332L, 1969552926L, -1039088305L, 1843136277L, -279977407L, 
-1360434313L, -1573328930L, 1492598868L, -1390893130L, 966999944L, 
313709117L, 167272375L, -1253288261L, -433811655L, 1603846156L, 
-1990102386L, 1754571976L, 237529242L, -1180915613L, 91549905L, 
1925995269L, 517837891L, 425722L, 1190384368L, 1902555274L, -2083084492L, 
539330113L, 1830671267L, -1222739057L, -706849691L, 1005097992L, 
-993762774L, -1963600612L, -1715601258L, -1140189673L, 191510765L, 
-719907479L, 200437855L, 1884066822L, 960229212L, -429575970L, 
1005902144L, 2064051381L, -1217875345L, 1252028323L, -760539535L, 
1940602724L, -496135130L, -1111690144L, -1591476302L, 902558859L, 
-208058423L, -551523347L, 261522283L, -2017522494L, 1443266776L, 
-1722395342L, -161795124L, -130845127L, -172269445L, -1772609769L, 
1736313213L, -1592796256L, -671454174L, -190593260L, 148350414L, 
227005919L, 1483880645L, -1151510319L, -874562169L, 652919118L, 
432815812L, -791296090L, -1632584584L, -1227322611L, 552558055L, 
430482635L, 975786665L, 1725666876L, 722530014L, -960723496L, 
2107679818L, 760357683L, -2067401023L, 1206509621L, 1668247347L, 
-2136113334L, -1909786336L, -1312039686L, -1531986620L, -964704495L, 
-799827085L, -996172001L, 811569909L, -1548307944L, 1502501050L, 
-1685914004L, 2054908038L, -1394001049L, -1045800355L, 839124537L, 
-1386975569L, 2139619638L, 474170252L, -2015817586L, 19157744L, 
1803621061L, 1457456287L, -1827275661L, -1371098207L, -2003236595L, 
-1559149825L, -2011777596L, -1401453276L, 1183261336L, -1884807550L, 
-2071015949L, -623227565L, 2139507735L, -670315627L, 1691395074L, 
291739470L, 2005270918L, 660084340L, -1340304467L, -785991687L, 
-1816245935L, -449153037L, 1447367080L, -143821088L, 1760947444L, 
-42823626L, -824422313L, -1140046153L, -2122335597L, -335890399L, 
1910066350L, -650615870L, 2033168762L, -1982657712L, 1963787145L, 
-1548022635L, 241798757L, -1386184713L, -833453140L, 314012844L, 
-570938288L, -1775541190L, -1515906853L, -1805612709L, 165911151L, 
12510269L, -2127398022L, 1223897398L, -1292954146L, 130022572L, 
56122101L, 1789001185L, -633553415L, -2137598821L, 619439648L, 
949314520L, 1104846620L, 1030157022L, 1048539151L, 951061231L, 
1257345979L, -101071335L, -425397610L, -1479343078L, 321431938L, 
-632945224L, 1757646433L, -1153691411L, 2012180157L, -1183564305L, 
663716628L, 837836980L, 462706568L, -990365198L, -1256444605L, 
693739747L, 2001375751L, -484711227L, -1588654958L, -80537890L, 
624301558L, -247643260L, -1844298787L, -1572403447L, -994865855L, 
-341474397L, -1136412520L, 1742387408L, -1037093436L, -1826541370L, 
2048735911L, 789149671L, -423024221L, 840644113L, 1620299934L, 
159084818L, -294337046L, -1735002336L, -551403559L, 760556133L, 
-1420373771L, 814988359L, 1895160860L, -1314510372L, 1893879968L, 
2018883530L, -695343285L, -1494846581L, -1302132993L, 924578637L, 
937117674L, -1106167642L, 789872046L, 1336718236L, 610425733L, 
-621506735L, 324584649L, -928064469L, -2072048976L, 999594728L, 
1477163852L, -535691122L, 41279615L, -8395905L, 1282605483L, 
-543736407L, -606984218L, -1219911542L, 1383833490L, -1948531224L, 
257142289L, 1703145757L, 1057646061L, -702113633L, -474316316L, 
469568772L, -1693254408L, 299340898L, 1522083091L, -953890125L, 
1214986679L, 2083657269L, 313745314L, 1536538478L, 2139902502L, 
1199981076L, -2050259315L, 945544409L, 114531377L, -1633378029L, 
-1868255480L, 446021568L, -921119916L, -616560426L, -145882441L, 
-1082965865L, 407970035L, -501924927L, 1932462606L, 391139746L, 
456855770L, -883826768L, 1521040105L, 1458051061L, -73495995L, 
173213271L, -546974964L, 274907596L, -28174416L, -1426222630L, 
-1755304325L, 1118013883L, -233828337L, 933509422L, -617538111L, 
-1220836820L, 1169904349L, 1422191762L, 1819084471L, -683313578L, 
-539279555L, 1227854566L, -862800495L, -1145546392L, -2098581771L, 
1872730086L, -1972580081L, 1800458890L, 1929565537L, 1512406966L, 
576123177L, 1046560444L, 1709700429L, 432353802L, 720202495L, 
-1163144074L, 620435821L, -65924346L, -644631583L, 1721066568L, 
1554680893L, 268867390L, -330845185L, 945105258L, -667280767L, 
-1137497378L, -394969215L, -2077930148L, -1902590147L, 717117778L, 
2044749607L, -369507818L, -738716003L, 788456934L, -1209753103L, 
-874983752L, 2052921525L, 996269510L, -1181906065L, -567788534L, 
-1182692079L, -1586623386L, 1976075049L, 1602767836L, 1475355133L, 
17737450L, -1637337009L, 151680742L, 303574877L, 503022646L, 
514471153L, -1828571087L, -1121646252L, 2077183978L, 227041321L, 
1590357945L, -787709286L, 1292911360L, 1328106857L, 1340892425L, 
-2048223840L, -992363630L, -1578174971L, 1411966553L, 1060399394L, 
1015693964L, 2081696389L, -1597257911L, -728637100L, -1380498486L, 
1128531793L, 1401060721L, -440991454L, 433139136L, 1143477033L, 
-1138702511L, -623273736L, -314813454L, 353504693L, 2090134289L, 
-935404662L, -486278732L, 1742722765L, 1366099873L, -429436252L, 
1475053146L, -1040333399L, -1034142503L, -1799641782L, 403508128L, 
1414337849L, 1244737609L, 1176884944L, 1284003906L, -202765019L, 
-371295991L, 369018866L, -427693636L, -1092694187L, -1523750039L, 
-699647580L, -1025694502L, -2119069663L, 920375585L, 1102371970L, 
-550269984L, -1786774471L, 1649489569L, -482940872L, 1999431778L, 
429173525L, 1065976241L, -1550204534L, -1213870220L, 282747501L, 
1682943121L, -1126744620L, -39953526L, -1531457527L, 985282937L, 
-1185059878L, 215034656L, -2144364183L, 1974265609L, -355971488L, 
272239314L, 1007547333L, 1844442169L, -1801133406L, 1533810956L, 
534280453L, -1113205463L, -2033384812L, 888366794L, -877151439L, 
-1208612879L, -2049120190L, -952076128L, -1534622167L, -860259791L, 
